crossing time (s)	slope (V/s)	crossing number
6000.516469	-1.920852	8977
6001.052591	-105.664435	8978
6001.387479	-0.450935	8979
6002.053582	-107.407506	8980
6002.437701	0.231067	8981
6003.076813	-105.530214	8982
6003.582914	-0.584081	8983
6004.072627	-101.991903	8984
6005.143857	-99.803655	8985
6005.611314	-1.574459	8986
6006.127602	-97.470787	8987
6007.193579	-96.498406	8988
6007.693861	1.972652	8989
6008.223491	-93.631242	8990
6009.225576	-92.256841	8991
6009.641320	-0.628977	8992
6010.309754	-88.412103	8993
6011.231494	-88.211507	8994
6012.237689	-85.115671	8995
6012.723637	-0.669459	8996
6013.315409	-83.280595	8997
6014.300213	-82.007838	8998
6015.355160	-81.405870	8999
6015.971781	1.253784	9000
6016.331550	-78.578162	9001
6016.808271	0.232364	9002
6017.402802	-75.550148	9003
6017.892717	-0.502232	9004
6018.442800	-73.402413	9005
6019.446872	-71.686692	9006
6020.492138	-73.043040	9007
6021.530432	-68.680517	9008
6022.530278	-69.456695	9009
6023.563632	-66.600887	9010
6024.568733	-64.921164	9011
6025.603051	-64.777470	9012
6025.996215	0.504189	9013
6026.585604	-63.360927	9014
6027.572577	-58.794513	9015
6028.616270	-57.649055	9016
6029.636749	-57.744222	9017
6030.696500	-56.797336	9018
6031.694342	-56.263820	9019
6032.695901	-54.113956	9020
6033.734835	-54.065107	9021
6034.782972	-50.097774	9022
6035.817002	-51.172290	9023
6036.828434	-50.835790	9024
6037.920512	-47.899525	9025
6038.865169	-45.924568	9026
6039.923682	-46.701282	9027
6040.927724	-41.732220	9028
6041.945141	-43.122168	9029
6042.977628	-41.984802	9030
6043.997061	-43.507742	9031
6044.992421	-41.592358	9032
6045.472039	1.723448	9033
6046.072205	-43.264820	9034
6047.064631	-37.411210	9035
6048.112124	-38.886687	9036
6049.132121	-39.127019	9037
6050.101544	-33.810308	9038
6051.107336	-36.104762	9039
6052.226600	-34.758301	9040
6053.211660	-34.116704	9041
6054.249705	-32.439340	9042
6055.229556	-32.293090	9043
6056.226411	-30.491355	9044
6057.240487	-30.873008	9045
6058.307995	-26.514640	9046
6059.338945	-29.575713	9047
6060.358687	-27.928723	9048
6061.413821	-26.307543	9049
6062.383008	-29.321944	9050
6063.450066	-24.996879	9051
6064.460194	-24.153794	9052
6065.493331	-24.710300	9053
6066.509852	-24.642327	9054
6067.531356	-23.377475	9055
6068.563740	-22.877507	9056
6069.570677	-22.165688	9057
6070.591168	-21.013823	9058
6071.627658	-24.023468	9059
6072.595430	-21.935009	9060
6073.664984	-20.344452	9061
6074.703290	-21.792585	9062
6075.683611	-19.176730	9063
6076.745226	-18.618889	9064
6077.710835	-19.339132	9065
6078.778814	-17.197668	9066
6079.773079	-15.673450	9067
6080.851762	-17.731783	9068
6081.820764	-17.199937	9069
6082.899078	-15.856562	9070
6083.865793	-15.982999	9071
6084.936923	-16.795094	9072
6085.893881	-14.279560	9073
6086.966187	-14.147621	9074
6087.962528	-12.983616	9075
6089.014652	-12.104288	9076
6090.009266	-12.921608	9077
6091.059108	-12.678406	9078
6092.047560	-12.094171	9079
6093.083548	-12.292046	9080
6094.134763	-13.614738	9081
6095.155132	-13.597131	9082
6096.170568	-10.192415	9083
6097.191840	-9.496193	9084
6098.173558	-9.624231	9085
6099.235395	-11.125037	9086
6100.236299	-8.746844	9087
6101.276198	-8.195317	9088
6102.291171	-10.197981	9089
6103.342816	-9.307047	9090
6104.333484	-9.363883	9091
6105.379398	-8.879036	9092
6106.372189	-9.525633	9093
6107.447233	-10.752372	9094
6108.445104	-9.708300	9095
6109.474139	-8.341326	9096
6110.453068	-7.863444	9097
6111.527615	-7.595746	9098
6112.502305	-7.895204	9099
6113.559808	-5.095717	9100
6114.545498	-8.194145	9101
6115.586362	-6.629183	9102
6116.586716	-5.655434	9103
6117.647229	-6.883756	9104
6118.618839	-5.762661	9105
6119.698140	-7.402240	9106
6120.671228	-7.495201	9107
6121.719363	-7.845629	9108
6122.701205	-6.631731	9109
6123.775775	-5.069811	9110
6124.760005	-2.729322	9111
6125.830595	-5.983171	9112
6126.808979	-4.467267	9113
6127.862414	-2.467767	9114
6128.870706	-3.272382	9115
6129.921851	-4.895752	9116
6130.911884	-1.325762	9117
6131.961228	-6.022542	9118
6132.981238	-5.369581	9119
6133.982192	-5.414898	9120
6135.014879	-3.617516	9121
6136.048641	-3.539113	9122
6137.059670	-7.793330	9123
6138.076646	-2.764275	9124
6139.095721	-4.854168	9125
6140.161605	-1.050106	9126
6141.142841	-3.831659	9127
6142.185861	-1.593040	9128
6143.158643	-2.461407	9129
6144.284330	-5.839290	9130
6145.192690	-1.788561	9131
6146.284674	-3.462055	9132
6147.250582	-3.943488	9133
6148.359590	-3.850125	9134
6148.731703	3.739518	9135
6149.301167	-4.435049	9136
6150.372269	-3.442492	9137
6150.928263	1.567278	9138
6151.342092	-2.124706	9139
6152.444700	-3.992542	9140
6153.372459	-2.719621	9141
6154.486436	-1.573469	9142
6155.409434	-2.997593	9143
6156.534813	-4.214021	9144
6157.448154	-5.241108	9145
6158.591621	-0.734725	9146
6159.498750	-0.288124	9147
6160.621718	-0.469233	9148
6161.561710	-5.575288	9149
6162.651308	0.838002	9150
6163.608166	-2.835353	9151
6164.713067	-2.608790	9152
6165.658363	-4.982203	9153
6166.752694	-4.662617	9154
6167.688527	-2.667256	9155
6168.772516	-1.793483	9156
6169.769394	-0.483835	9157
6170.810989	-2.440214	9158
6171.814780	-1.383488	9159
6172.860726	-1.557394	9160
6173.391536	2.654713	9161
6173.858673	-1.985725	9162
6174.892731	-0.233612	9163
6175.905829	-0.693574	9164
6176.283309	2.170510	9165
6176.946621	-2.881506	9166
6177.532458	-2.351465	9167
6177.923116	-0.332857	9168
6178.999573	-2.375032	9169
6179.970364	-1.173528	9170
6181.084726	-0.374702	9171
6181.982708	-0.492507	9172
6183.116235	-1.277773	9173
6184.026527	-1.965967	9174
6185.195331	-0.707430	9175
6186.059086	0.006338	9176
6187.241518	-1.221658	9177
6188.122482	-1.928678	9178
6189.306286	-0.784743	9179
6190.140116	-0.310466	9180
6191.416224	-6.402177	9181
6191.605043	-7.907989	9182
6192.553936	0.967805	9183
6192.984035	-2.872239	9184
6193.267131	-3.002481	9185
6193.672624	-0.711310	9186
6194.269239	-154.474229	9187
6194.705684	-1.702155	9188
6195.287229	-156.596915	9189
6195.861816	-1.020514	9190
6196.361205	-148.730799	9191
6196.897909	-0.651948	9192
6197.318790	-150.649954	9193
6197.869658	-0.822840	9194
6198.330666	-152.197199	9195
6198.981980	0.765410	9196
6199.413425	-150.698682	9197
6199.955859	-2.118547	9198
6200.117834	-1.386295	9199
6200.436748	-144.557935	9200
6201.031483	-2.225900	9201
6201.471490	-149.764115	9202
6202.089305	1.311020	9203
