crossing time (s)	slope (V/s)	crossing number
6546.820904	-102.192519	9736
6547.824204	-99.610821	9737
6548.828434	-99.202941	9738
6549.476766	0.249685	9739
6549.852104	-95.289931	9740
6550.891396	-93.560436	9741
6551.312694	0.442582	9742
6551.907738	-92.489172	9743
6552.922780	-89.788518	9744
6553.965479	-89.897549	9745
6554.412395	0.167417	9746
6554.986803	-83.795620	9747
6555.983050	-88.386491	9748
6556.419289	-0.086744	9749
6556.978538	-85.541489	9750
6558.067436	-83.825013	9751
6559.097147	-81.357038	9752
6559.673749	1.530059	9753
6560.129231	-78.503894	9754
6561.116455	-78.533814	9755
6562.076879	-77.425784	9756
6562.673510	-1.411703	9757
6563.184784	-77.860442	9758
6564.192212	-77.055036	9759
6564.580351	-1.061062	9760
6565.137811	-72.247223	9761
6565.662890	-2.000107	9762
6566.192849	-74.492849	9763
6567.216318	-70.907645	9764
6567.775561	-2.557058	9765
6568.252139	-73.475460	9766
6568.680166	-1.263655	9767
6569.291190	-69.322417	9768
6570.322717	-68.071485	9769
6571.325064	-66.409436	9770
6571.795375	0.389102	9771
6572.397109	-65.406339	9772
6573.375332	-63.043571	9773
6573.849816	-1.114616	9774
6574.345231	-61.759779	9775
6575.433456	-62.617765	9776
6576.386947	-62.548956	9777
6577.514143	-60.701051	9778
6578.516692	-57.245585	9779
6579.518052	-59.183177	9780
6579.952983	2.584734	9781
6580.577282	-57.681590	9782
6581.560066	-57.091870	9783
6582.587700	-54.926911	9784
6583.116150	0.013625	9785
6583.591602	-52.888014	9786
6584.627443	-49.602773	9787
6585.659163	-51.956224	9788
6586.693475	-49.692628	9789
6587.672909	-50.443764	9790
6588.656824	-47.010044	9791
6589.747311	-48.647891	9792
6590.785000	-48.399761	9793
6591.750314	-45.647391	9794
6592.785189	-44.984674	9795
6593.764054	-42.881853	9796
6594.269624	1.414431	9797
6594.760758	-45.848800	9798
6595.903122	-42.856486	9799
6596.924815	-40.167313	9800
6597.886964	-42.488726	9801
6598.949597	-38.607855	9802
6599.984082	-38.828817	9803
6600.997556	-38.381117	9804
6601.997442	-37.505055	9805
6603.058792	-36.462407	9806
6604.035219	-36.575440	9807
6605.003832	-34.207440	9808
6606.091134	-34.053849	9809
6607.086823	-32.884343	9810
6608.087411	-32.377548	9811
6609.162160	-32.313104	9812
6610.178121	-32.458285	9813
6611.188510	-28.110757	9814
6612.202311	-29.362678	9815
6613.244861	-29.979816	9816
6614.250016	-29.423994	9817
6615.301826	-29.384576	9818
6616.295970	-27.203984	9819
6617.296735	-26.578244	9820
6618.341412	-27.453345	9821
6619.431621	-22.952218	9822
6620.372770	-26.348427	9823
6621.500975	-27.478951	9824
6622.447990	-26.002679	9825
6623.485800	-26.687999	9826
6624.474637	-25.173338	9827
6625.533931	-22.874937	9828
6626.529172	-21.725062	9829
6627.562373	-21.748242	9830
6628.554204	-22.724231	9831
6629.617783	-22.585399	9832
6630.589594	-18.412459	9833
6631.666624	-19.084928	9834
6632.636371	-21.519028	9835
6633.716397	-19.699606	9836
6634.668862	-19.346369	9837
6635.703818	-19.778510	9838
6636.723565	-18.881549	9839
6637.799919	-19.573731	9840
6638.766963	-18.289272	9841
6639.819784	-18.306151	9842
6640.832010	-19.132225	9843
6641.921982	-19.598023	9844
6642.890074	-16.303963	9845
6643.908764	-19.027740	9846
6644.916759	-15.856672	9847
6645.985841	-16.286448	9848
6646.959996	-17.944740	9849
6647.971739	-16.006030	9850
6649.035698	-15.752543	9851
6650.055205	-13.635090	9852
6651.050602	-13.450912	9853
6652.111092	-15.959697	9854
6653.082168	-12.742523	9855
6654.151783	-13.440527	9856
6655.148927	-12.446642	9857
6656.187600	-13.909919	9858
6657.168368	-10.225222	9859
6658.233371	-13.180456	9860
6659.243080	-13.477033	9861
6660.280920	-11.500396	9862
6661.266216	-11.633740	9863
6662.313613	-10.708289	9864
6663.336032	-9.656417	9865
6664.372540	-11.082806	9866
6665.352830	-11.021521	9867
6666.426195	-10.440024	9868
6667.396486	-8.928076	9869
6668.443320	-13.500609	9870
6669.457945	-8.562764	9871
6670.479799	-9.580017	9872
6671.502177	-8.205136	9873
6672.545420	-6.630251	9874
6673.538021	-10.701608	9875
6674.160846	6.668002	9876
6674.628342	-8.976286	9877
6675.573538	-12.064847	9878
6676.656856	-10.377651	9879
6677.604787	-9.429266	9880
6678.652978	-10.688150	9881
6679.664750	-6.719799	9882
6680.707963	-7.600060	9883
6681.692578	-7.517623	9884
6682.747022	-7.022357	9885
6683.762832	-6.269442	9886
6684.835915	-6.388734	9887
6685.837383	-7.038405	9888
6686.847667	-6.920868	9889
6687.883285	-6.598096	9890
6688.911029	-8.498254	9891
6689.888302	-5.801606	9892
6690.939697	-3.901815	9893
6691.910344	-7.537194	9894
6693.002947	-6.107176	9895
6693.988583	-4.279170	9896
6695.049772	-7.102525	9897
6696.006285	-5.119819	9898
6697.091700	-4.733796	9899
6698.079563	-4.683854	9900
6699.130381	-4.834135	9901
6700.108798	-4.688262	9902
6701.211948	-5.570739	9903
6702.122020	-5.608560	9904
6703.186122	-5.180824	9905
6704.174029	-3.649517	9906
6705.278608	-5.313404	9907
6706.227781	-6.583936	9908
6707.303094	-2.946547	9909
6708.274499	-4.575612	9910
6709.386265	-5.348518	9911
6710.327820	-3.977050	9912
6711.412625	-6.655740	9913
6712.386463	-4.863336	9914
6713.460529	-3.577721	9915
6714.401892	-2.742842	9916
6715.526277	-4.629547	9917
6716.443112	-4.491279	9918
6717.526787	-4.003105	9919
6718.509606	-2.926970	9920
6719.584559	-2.968558	9921
6720.537764	-3.632527	9922
6721.611941	-3.729213	9923
6722.580470	-3.945195	9924
6723.676717	-4.291963	9925
6724.150435	3.485720	9926
6724.652693	-3.028739	9927
6725.712321	-5.233661	9928
6726.680412	-5.092008	9929
6727.738072	-5.022856	9930
6728.772567	-6.968650	9931
6729.804928	1.349090	9932
6730.759476	-2.762251	9933
