crossing time (s)	slope (V/s)	crossing number
6806.408405	-1.817353	10052
6806.954921	-100.116988	10053
6807.266128	2.826139	10054
6807.973640	-99.619181	10055
6808.454436	-0.869970	10056
6809.006294	-97.742724	10057
6810.009548	-95.077716	10058
6810.468086	0.436086	10059
6811.031961	-94.614786	10060
6811.446349	-1.087596	10061
6812.038542	-90.348789	10062
6812.464235	-0.874191	10063
6813.078404	-91.810774	10064
6814.109182	-86.933792	10065
6814.596543	0.152657	10066
6815.101983	-89.471394	10067
6815.586173	-1.830889	10068
6816.129036	-84.725612	10069
6816.668040	-0.573331	10070
6817.167808	-82.843239	10071
6818.132885	-82.911056	10072
6818.656487	-0.518621	10073
6819.224042	-83.360671	10074
6820.219906	-80.297400	10075
6820.641049	0.948660	10076
6820.899791	-0.561582	10077
6821.222447	-79.776069	10078
6822.238059	-77.336137	10079
6823.327680	-74.100504	10080
6824.279629	-74.561299	10081
6825.353584	-72.491502	10082
6826.320130	-69.022053	10083
6826.831835	0.209301	10084
6827.436029	-68.589024	10085
6828.343181	-70.007332	10086
6829.452907	-66.959813	10087
6830.444965	-64.566689	10088
6831.480897	-68.263489	10089
6832.513361	-64.140302	10090
6833.513882	-63.230820	10091
6834.532570	-60.269381	10092
6835.587009	-61.504092	10093
6836.608950	-59.973508	10094
6837.602269	-57.410052	10095
6838.635314	-58.995732	10096
6839.169425	-0.349567	10097
6839.711783	-55.158969	10098
6840.097178	1.157661	10099
6840.637128	-56.830652	10100
6841.742656	-52.365131	10101
6842.728144	-52.579845	10102
6843.762695	-54.543522	10103
6844.772192	-48.807034	10104
6845.826952	-51.364733	10105
6846.790952	-50.322017	10106
6847.824605	-47.707042	10107
6848.856447	-47.828829	10108
6849.894294	-46.415354	10109
6850.923892	-46.044082	10110
6851.917656	-44.651416	10111
6852.909981	-41.702900	10112
6853.981757	-42.651533	10113
6854.966024	-43.455719	10114
6856.043842	-41.225403	10115
6856.441474	3.709932	10116
6857.029808	-41.136504	10117
6858.058856	-40.294296	10118
6859.058742	-38.403946	10119
6860.040722	-38.990535	10120
6861.107238	-37.930680	10121
6862.147953	-36.126803	10122
6863.149240	-36.544912	10123
6863.664518	2.177995	10124
6864.209752	-35.918478	10125
6865.231614	-35.559729	10126
6866.223320	-35.039048	10127
6867.266440	-34.085142	10128
6868.289192	-33.697731	10129
6869.296974	-33.191641	10130
6870.365904	-32.371379	10131
6871.385159	-30.977782	10132
6872.401524	-30.002546	10133
6873.348575	-30.081976	10134
6874.421899	-28.619440	10135
6875.392392	-26.801390	10136
6876.473690	-28.674295	10137
6877.461334	-22.944625	10138
6878.536011	-26.367374	10139
6879.509652	-26.720719	10140
6880.556221	-24.730700	10141
6881.520177	-25.262948	10142
6882.566088	-25.785484	10143
6883.628715	-24.933065	10144
6884.684156	-22.372333	10145
6885.666226	-24.146131	10146
6886.728904	-24.325262	10147
6887.667463	-20.823476	10148
6888.736183	-21.873546	10149
6889.718925	-22.202449	10150
6890.803525	-20.203489	10151
6891.729573	-21.023722	10152
6892.836491	-19.354943	10153
6893.832589	-20.102212	10154
6894.888524	-17.800029	10155
6895.894279	-18.155573	10156
6896.937872	-18.232551	10157
6897.873978	-19.353521	10158
6898.987424	-15.268597	10159
6899.972953	-16.355080	10160
6901.030819	-15.785613	10161
6901.968535	-17.283146	10162
6903.029327	-16.321204	10163
6904.054930	-13.988982	10164
6905.083655	-15.938463	10165
6906.092064	-19.052092	10166
6907.117106	-14.600734	10167
6908.146822	-16.128943	10168
6909.196528	-17.552269	10169
6910.176113	-15.172519	10170
6911.245088	-12.702085	10171
6912.205605	-14.025333	10172
6912.791774	6.838135	10173
6913.249331	-13.209750	10174
6914.263384	-11.561804	10175
6915.294874	-12.527706	10176
6916.304637	-11.707894	10177
6917.348179	-11.900861	10178
6918.346717	-13.314178	10179
6919.411544	-10.969897	10180
6920.398523	-10.797349	10181
6921.463713	-12.065310	10182
6922.449884	-12.115177	10183
6923.468649	-9.117035	10184
6924.476791	-11.530504	10185
6925.515740	-8.813588	10186
6926.535981	-10.713432	10187
6927.601397	-8.709825	10188
6928.552516	-9.079587	10189
6929.650522	-10.746428	10190
6930.623094	-7.667713	10191
6931.660903	-9.384674	10192
6932.634677	-10.539866	10193
6933.737867	-10.527688	10194
6934.681550	-8.256840	10195
6935.755571	-9.263711	10196
6936.754786	-9.897828	10197
6937.805805	-10.156983	10198
6938.808551	-6.376266	10199
6939.831221	-9.084341	10200
6940.857957	-8.462799	10201
6941.896898	-11.248291	10202
6942.886629	-6.230357	10203
6943.929604	-6.319202	10204
6944.901646	-7.294085	10205
6945.979293	-6.166637	10206
6946.996809	-5.433456	10207
6948.022446	-3.465428	10208
6949.044880	-4.941514	10209
6950.076559	-5.194146	10210
6951.029688	-7.188950	10211
6952.078541	-8.187437	10212
6953.094380	-5.406544	10213
6954.198636	-5.367412	10214
6955.144785	-6.768524	10215
6956.236916	-3.969962	10216
6957.171308	-5.842018	10217
6958.261906	-4.422910	10218
6959.227431	-6.438934	10219
6960.311731	-6.334289	10220
6961.259842	-5.175425	10221
6962.386620	-3.937852	10222
6963.321624	-5.109936	10223
6964.390117	-3.167430	10224
6965.357111	-4.003384	10225
6966.421090	-4.574253	10226
6967.427217	-3.810089	10227
6968.477368	-3.350986	10228
6969.434215	-4.743734	10229
6970.544472	-3.723205	10230
6971.470645	-2.068610	10231
6972.573505	-2.541287	10232
6973.543174	-2.953759	10233
6974.604874	-4.013455	10234
6975.561554	-5.440892	10235
6976.683784	-5.284445	10236
6977.618256	-5.799254	10237
6978.693171	-1.797790	10238
6979.643565	-3.862420	10239
6980.739813	-3.718072	10240
6981.705939	-5.060175	10241
6982.797865	-2.128547	10242
6983.761538	-3.917965	10243
6984.817890	-0.760693	10244
6985.793160	-2.645514	10245
6986.883699	-1.824076	10246
6987.842332	-2.389058	10247
6988.914571	-3.023344	10248
6989.881613	-1.929585	10249
6990.954483	-5.735949	10250
6991.937407	-2.342849	10251
6993.031067	0.652536	10252
6993.429780	2.598638	10253
6993.959428	-5.358329	10254
6995.074248	-3.713711	10255
6996.016672	-1.889568	10256
6997.108263	-5.278502	10257
6998.024371	-3.336859	10258
6999.166389	-2.702481	10259
7000.086610	-2.265379	10260
7001.208316	-4.422165	10261
7002.133310	-3.184761	10262
7003.252963	-2.183385	10263
7004.178064	-0.823534	10264
7005.294904	0.027464	10265
7006.234816	-0.708094	10266
7007.345626	-0.092625	10267
7008.249537	-2.710991	10268
7009.399678	-0.913578	10269
7010.305268	-1.731969	10270
7010.907897	-0.089110	10271
7011.423302	-2.081197	10272
7012.349755	-0.943270	10273
7013.470633	-1.506536	10274
7013.848810	1.917277	10275
7014.402049	-2.275879	10276
